[gd_scene load_steps=24 format=3 uid="uid://bt7osgrpvasxl"]

[ext_resource type="PackedScene" uid="uid://comag3ftrfm87" path="res://scenes/large_ship.tscn" id="1_5pbcc"]
[ext_resource type="PackedScene" uid="uid://ct218m1oc85t8" path="res://scenes/team_id.tscn" id="2_5ta6q"]
[ext_resource type="Script" path="res://scripts/Ship.gd" id="3_onkh0"]
[ext_resource type="Script" path="res://scripts/CameraTarget.gd" id="4_8t4wl"]
[ext_resource type="PackedScene" uid="uid://bwxo76t5hck46" path="res://scenes/health.tscn" id="5_sqyr4"]
[ext_resource type="PackedScene" uid="uid://x6kwsu00lfq2" path="res://scenes/laser.tscn" id="6_5njx6"]
[ext_resource type="Texture2D" uid="uid://b1tg053uv0ffy" path="res://assets/textures/MilkeyWay.jpg" id="7_f3ya5"]
[ext_resource type="Script" path="res://scripts/ChaseCamera.gd" id="8_a85b1"]
[ext_resource type="PackedScene" uid="uid://csoggynpxgor1" path="res://scenes/audio_controller.tscn" id="9_q0qpt"]
[ext_resource type="Script" path="res://UI.gd" id="10_epuu3"]
[ext_resource type="FontFile" uid="uid://dnpih4o6u6268" path="res://fonts/NovaSquare-Regular.ttf" id="10_liufv"]
[ext_resource type="Texture2D" uid="uid://bi68f1wieyqly" path="res://fonts/star.png" id="12_suh53"]

[sub_resource type="BoxShape3D" id="BoxShape3D_278ud"]

[sub_resource type="StandardMaterial3D" id="StandardMaterial3D_t4b5v"]
albedo_color = Color(0.31, 0.545, 0, 1)

[sub_resource type="BoxMesh" id="BoxMesh_l6wpm"]
material = SubResource("StandardMaterial3D_t4b5v")

[sub_resource type="PanoramaSkyMaterial" id="PanoramaSkyMaterial_6eqga"]
panorama = ExtResource("7_f3ya5")

[sub_resource type="Sky" id="Sky_u6aip"]
sky_material = SubResource("PanoramaSkyMaterial_6eqga")

[sub_resource type="Environment" id="Environment_4wuuw"]
background_mode = 2
background_energy_multiplier = 2.0
sky = SubResource("Sky_u6aip")
ambient_light_source = 2
ambient_light_color = Color(1, 1, 1, 1)
ambient_light_energy = 0.05

[sub_resource type="LabelSettings" id="LabelSettings_irna5"]
font = ExtResource("10_liufv")
font_size = 240
outline_color = Color(0, 0, 0, 1)

[sub_resource type="Animation" id="Animation_7es4q"]
resource_name = "TitleAnimation"
length = 20.0
tracks/0/type = "value"
tracks/0/imported = false
tracks/0/enabled = true
tracks/0/path = NodePath("CanvasLayer/Title:label_settings:font_color")
tracks/0/interp = 1
tracks/0/loop_wrap = true
tracks/0/keys = {
"times": PackedFloat32Array(6.129, 6.5, 17.1, 17.2),
"transitions": PackedFloat32Array(0.0245183, 1, 1, 1),
"update": 0,
"values": [Color(1, 1, 1, 0), Color(1, 1, 1, 1), Color(1, 1, 1, 1), Color(1, 1, 1, 0)]
}
tracks/1/type = "value"
tracks/1/imported = false
tracks/1/enabled = true
tracks/1/path = NodePath("CanvasLayer/Title/TextureRect:modulate")
tracks/1/interp = 1
tracks/1/loop_wrap = true
tracks/1/keys = {
"times": PackedFloat32Array(6.129, 6.5, 17.1, 17.2),
"transitions": PackedFloat32Array(1, 1, 1, 1),
"update": 0,
"values": [Color(1, 1, 1, 0), Color(1, 1, 1, 1), Color(1, 1, 1, 1), Color(1, 1, 1, 0)]
}
tracks/2/type = "value"
tracks/2/imported = false
tracks/2/enabled = true
tracks/2/path = NodePath("CanvasLayer/Title/TextureRect2:modulate")
tracks/2/interp = 1
tracks/2/loop_wrap = true
tracks/2/keys = {
"times": PackedFloat32Array(6.129, 6.5, 17.1, 17.2),
"transitions": PackedFloat32Array(1, 1, 1, 1),
"update": 0,
"values": [Color(1, 1, 1, 0), Color(1, 1, 1, 1), Color(1, 1, 1, 1), Color(1, 1, 1, 0)]
}

[sub_resource type="Animation" id="Animation_oh4b7"]
length = 0.001
tracks/0/type = "value"
tracks/0/imported = false
tracks/0/enabled = true
tracks/0/path = NodePath("CanvasLayer/Title:label_settings:font_color")
tracks/0/interp = 1
tracks/0/loop_wrap = true
tracks/0/keys = {
"times": PackedFloat32Array(0),
"transitions": PackedFloat32Array(1),
"update": 0,
"values": [Color(1, 1, 1, 1)]
}
tracks/1/type = "value"
tracks/1/imported = false
tracks/1/enabled = true
tracks/1/path = NodePath("CanvasLayer/Title/TextureRect:modulate")
tracks/1/interp = 1
tracks/1/loop_wrap = true
tracks/1/keys = {
"times": PackedFloat32Array(0),
"transitions": PackedFloat32Array(1),
"update": 0,
"values": [Color(1, 1, 1, 0)]
}
tracks/2/type = "value"
tracks/2/imported = false
tracks/2/enabled = true
tracks/2/path = NodePath("CanvasLayer/Title/TextureRect2:modulate")
tracks/2/interp = 1
tracks/2/loop_wrap = true
tracks/2/keys = {
"times": PackedFloat32Array(0),
"transitions": PackedFloat32Array(1),
"update": 0,
"values": [Color(1, 1, 1, 0)]
}
tracks/3/type = "value"
tracks/3/imported = false
tracks/3/enabled = true
tracks/3/path = NodePath("CanvasLayer/ContinueButton:modulate")
tracks/3/interp = 1
tracks/3/loop_wrap = true
tracks/3/keys = {
"times": PackedFloat32Array(0),
"transitions": PackedFloat32Array(1),
"update": 0,
"values": [Color(1, 1, 1, 0)]
}

[sub_resource type="Animation" id="Animation_2e31v"]
resource_name = "ContinueFadeIn"
length = 7.0
tracks/0/type = "value"
tracks/0/imported = false
tracks/0/enabled = true
tracks/0/path = NodePath("CanvasLayer/Title:label_settings:font_color")
tracks/0/interp = 1
tracks/0/loop_wrap = true
tracks/0/keys = {
"times": PackedFloat32Array(4, 6.5),
"transitions": PackedFloat32Array(1, 1),
"update": 0,
"values": [Color(1, 1, 1, 0), Color(1, 1, 1, 1)]
}
tracks/1/type = "value"
tracks/1/imported = false
tracks/1/enabled = true
tracks/1/path = NodePath("CanvasLayer/Title/TextureRect:modulate")
tracks/1/interp = 1
tracks/1/loop_wrap = true
tracks/1/keys = {
"times": PackedFloat32Array(4, 6.5),
"transitions": PackedFloat32Array(1, 1),
"update": 0,
"values": [Color(1, 1, 1, 0), Color(1, 1, 1, 1)]
}
tracks/2/type = "value"
tracks/2/imported = false
tracks/2/enabled = true
tracks/2/path = NodePath("CanvasLayer/Title/TextureRect2:modulate")
tracks/2/interp = 1
tracks/2/loop_wrap = true
tracks/2/keys = {
"times": PackedFloat32Array(4, 6.5),
"transitions": PackedFloat32Array(1, 1),
"update": 0,
"values": [Color(1, 1, 1, 0), Color(1, 1, 1, 1)]
}
tracks/3/type = "value"
tracks/3/imported = false
tracks/3/enabled = true
tracks/3/path = NodePath("CanvasLayer/ContinueButton:modulate")
tracks/3/interp = 1
tracks/3/loop_wrap = true
tracks/3/keys = {
"times": PackedFloat32Array(4, 6.5),
"transitions": PackedFloat32Array(1, 1),
"update": 0,
"values": [Color(1, 1, 1, 0), Color(1, 1, 1, 1)]
}

[sub_resource type="AnimationLibrary" id="AnimationLibrary_dmevq"]
_data = {
"ContinueFadeIn": SubResource("Animation_2e31v"),
"RESET": SubResource("Animation_oh4b7"),
"TitleAnimation": SubResource("Animation_7es4q")
}

[node name="World" type="Node3D"]

[node name="LargeShip" parent="." instance=ExtResource("1_5pbcc")]
transform = Transform3D(-0.266457, -0.224144, -0.937423, 0.0669873, 0.965926, -0.25, 0.961516, -0.12941, -0.242363, 31.5686, 52.3459, -1359.73)

[node name="TeamID" parent="LargeShip" instance=ExtResource("2_5ta6q")]

[node name="LargeShip7" parent="." instance=ExtResource("1_5pbcc")]
transform = Transform3D(0.433013, 0.5, -0.75, -0.25, 0.866025, 0.433013, 0.866025, 0, 0.5, -184.594, 251.685, -1739.91)

[node name="TeamID" parent="LargeShip7" instance=ExtResource("2_5ta6q")]

[node name="LargeShip8" parent="." instance=ExtResource("1_5pbcc")]
transform = Transform3D(-0.533494, 0.25, -0.808013, -0.25, 0.866025, 0.433013, 0.808013, 0.433013, -0.399519, 222.345, -9.99228, -2033.37)

[node name="TeamID" parent="LargeShip8" instance=ExtResource("2_5ta6q")]

[node name="LargeShip2" parent="." instance=ExtResource("1_5pbcc")]
transform = Transform3D(-0.5, 0, -0.866026, 0, 1, 0, 0.866026, 0, -0.5, 243.345, 99.0077, -1498)

[node name="TeamID" parent="LargeShip2" instance=ExtResource("2_5ta6q")]

[node name="LargeShip19" parent="." instance=ExtResource("1_5pbcc")]
transform = Transform3D(0.744207, 0.511819, -0.429183, -0.642402, 0.724444, -0.25, 0.182964, 0.46176, 0.86793, -499.491, 186.057, -1503.12)

[node name="TeamID" parent="LargeShip19" instance=ExtResource("2_5ta6q")]

[node name="LargeShip25" parent="." instance=ExtResource("1_5pbcc")]
transform = Transform3D(-0.0154779, 0.724561, -0.689036, -0.893016, 0.299957, 0.335483, 0.449759, 0.620513, 0.642402, -344.796, 501.097, -1503.12)

[node name="TeamID" parent="LargeShip25" instance=ExtResource("2_5ta6q")]

[node name="LargeShip16" parent="." instance=ExtResource("1_5pbcc")]
transform = Transform3D(-0.0580122, 0.433013, -0.899519, -0.491632, 0.771811, 0.403244, 0.868869, 0.465625, 0.168108, 105.046, 432.225, -1590.97)

[node name="TeamID" parent="LargeShip16" instance=ExtResource("2_5ta6q")]

[node name="LargeShip17" parent="." instance=ExtResource("1_5pbcc")]
transform = Transform3D(-0.529447, -0.826752, -0.190178, -0.635433, 0.237953, 0.734577, -0.56206, 0.509764, -0.651329, 400.733, 222.983, -1821.11)

[node name="TeamID" parent="LargeShip17" instance=ExtResource("2_5ta6q")]

[node name="LargeShip9" parent="." instance=ExtResource("1_5pbcc")]
transform = Transform3D(0.866026, 0, -0.5, 0, 1, 0, 0.5, 0, 0.866026, -221.153, 402.008, -79.4564)

[node name="TeamID" parent="LargeShip9" instance=ExtResource("2_5ta6q")]
team = 0

[node name="LargeShip11" parent="." instance=ExtResource("1_5pbcc")]
transform = Transform3D(0.836516, -0.258819, -0.482963, 0.224144, 0.965926, -0.129409, 0.5, -5.28991e-07, 0.866025, 143.847, 274.008, 104.544)

[node name="TeamID" parent="LargeShip11" instance=ExtResource("2_5ta6q")]
team = 0

[node name="LargeShip12" parent="." instance=ExtResource("1_5pbcc")]
transform = Transform3D(-0.851271, 0.12941, -0.508519, 0.224144, 0.965926, -0.129409, 0.474444, -0.224144, -0.851271, 61.8468, 147.008, 104.544)

[node name="TeamID" parent="LargeShip12" instance=ExtResource("2_5ta6q")]
team = 0

[node name="LargeShip4" parent="." instance=ExtResource("1_5pbcc")]
transform = Transform3D(1, 0, 0, 0, 1, 0, 0, 0, 1, -14.1532, 46.0077, 9.21161)

[node name="TeamID" parent="LargeShip4" instance=ExtResource("2_5ta6q")]
team = 0

[node name="LargeShip5" parent="." instance=ExtResource("1_5pbcc")]
transform = Transform3D(0.965926, 0, -0.258819, -0.0682213, 0.964636, -0.254605, 0.249666, 0.263587, 0.931767, -168.153, -131.992, 9.21161)

[node name="TeamID" parent="LargeShip5" instance=ExtResource("2_5ta6q")]
team = 0

[node name="LargeShip21" parent="." instance=ExtResource("1_5pbcc")]
transform = Transform3D(-0.922537, 0.313564, 0.22495, 0.212688, 0.89952, -0.381614, -0.322007, -0.304209, -0.896531, -151.57, 455.15, 206.844)

[node name="TeamID" parent="LargeShip21" instance=ExtResource("2_5ta6q")]
team = 0

[node name="LargeShip22" parent="." instance=ExtResource("1_5pbcc")]
transform = Transform3D(0.878866, -0.42575, -0.215248, 0.339302, 0.875, -0.345325, 0.335365, 0.23046, 0.913466, 191.001, -306.752, 238.594)

[node name="TeamID" parent="LargeShip22" instance=ExtResource("2_5ta6q")]
team = 0

[node name="LargeShip23" parent="." instance=ExtResource("1_5pbcc")]
transform = Transform3D(0.997717, 0.0669873, 0.00851846, -0.0669873, 0.965926, 0.25, 0.00851862, -0.25, 0.968208, -135.906, 165.076, 201.746)

[node name="TeamID" parent="LargeShip23" instance=ExtResource("2_5ta6q")]
team = 0

[node name="Player" type="RigidBody3D" parent="."]
max_contacts_reported = 10
contact_monitor = true
angular_damp = 1.0
script = ExtResource("3_onkh0")

[node name="CollisionShape3D" type="CollisionShape3D" parent="Player"]
shape = SubResource("BoxShape3D_278ud")

[node name="MeshInstance3D" type="MeshInstance3D" parent="Player"]
mesh = SubResource("BoxMesh_l6wpm")

[node name="CameraTarget" type="Node3D" parent="Player"]
transform = Transform3D(1, 0, 0, 0, 1, 0, 0, 0, 1, 0, 1, 5.79877)
script = ExtResource("4_8t4wl")

[node name="Health" parent="Player" instance=ExtResource("5_sqyr4")]
MAX_HEALTH = 400

[node name="Laser" parent="Player" instance=ExtResource("6_5njx6")]

[node name="TeamID" parent="Player" instance=ExtResource("2_5ta6q")]
team = 0

[node name="DirectionalLight3D" type="DirectionalLight3D" parent="."]
transform = Transform3D(0.606566, -0.302769, -0.735125, 0.795013, 0.224463, 0.563534, -0.00561274, -0.926254, 0.376857, 0, 1.67446, 0)

[node name="DirectionalLight3D2" type="DirectionalLight3D" parent="."]
transform = Transform3D(-0.935301, -0.0408648, 0.351485, 0.301389, -0.612465, 0.730788, 0.185409, 0.789441, 0.585156, -1.73873, 1.67446, 0)

[node name="WorldEnvironment" type="WorldEnvironment" parent="."]
environment = SubResource("Environment_4wuuw")

[node name="ChaseCamera" type="RigidBody3D" parent="." node_paths=PackedStringArray("target")]
transform = Transform3D(1, 0, 0, 0, 1, 0, 0, 0, 1, 0, 0, 4.71112)
script = ExtResource("8_a85b1")
target = NodePath("../Player/CameraTarget")

[node name="Camera3D" type="Camera3D" parent="ChaseCamera"]

[node name="AudioController" parent="." instance=ExtResource("9_q0qpt")]

[node name="UI" type="Node" parent="."]
script = ExtResource("10_epuu3")

[node name="CanvasLayer" type="CanvasLayer" parent="UI"]

[node name="Title" type="Label" parent="UI/CanvasLayer"]
anchors_preset = -1
anchor_left = 0.51
anchor_top = 0.5
anchor_right = 0.51
anchor_bottom = 0.5
offset_left = -651.8
offset_top = -277.0
offset_right = 622.2
offset_bottom = 33.0
grow_horizontal = 2
grow_vertical = 2
theme_override_colors/font_color = Color(1, 1, 1, 0)
text = "Silver Void"
label_settings = SubResource("LabelSettings_irna5")
horizontal_alignment = 1
vertical_alignment = 1

[node name="TextureRect" type="TextureRect" parent="UI/CanvasLayer/Title"]
modulate = Color(1, 1, 1, 0)
layout_mode = 0
offset_left = 201.0
offset_top = 45.0
offset_right = 261.0
offset_bottom = 104.0
texture = ExtResource("12_suh53")
expand_mode = 1

[node name="TextureRect2" type="TextureRect" parent="UI/CanvasLayer/Title"]
modulate = Color(1, 1, 1, 0)
layout_mode = 0
offset_left = 1030.0
offset_top = 45.0
offset_right = 1090.0
offset_bottom = 104.0
texture = ExtResource("12_suh53")
expand_mode = 1

[node name="ContinueButton" type="Button" parent="UI/CanvasLayer"]
modulate = Color(1, 1, 1, 0)
anchors_preset = 8
anchor_left = 0.5
anchor_top = 0.5
anchor_right = 0.5
anchor_bottom = 0.5
offset_left = -207.0
offset_top = 120.0
offset_right = 211.0
offset_bottom = 249.0
grow_horizontal = 2
grow_vertical = 2
theme_override_fonts/font = ExtResource("10_liufv")
theme_override_font_sizes/font_size = 100
text = "Continue"
flat = true

[node name="AnimationPlayer" type="AnimationPlayer" parent="UI"]
libraries = {
"": SubResource("AnimationLibrary_dmevq")
}
